20.114941378696923, 64.38985968871836
20.787885432779976, 64.33466978234844
21.48334278637508, 64.2960368478895
22.202066620451482, 64.26016340874905
22.944835313598762, 64.21325198833462
23.712453285011495, 64.1663405679202
24.50575186567603, 64.13598611941674
25.325590198702777, 64.09183419432081
26.172856169778907, 64.04216327858788
27.048467368749492, 64.00628983944745
27.953372083368098, 63.970416400306995
28.888550326293327, 63.90970750330008
29.855014896443507, 63.873834064159645
30.85381247585878, 63.83796062501919
31.886024763258845, 63.788289709286275
32.952769645523574, 63.74137828887184
34.05520240836569, 63.702745354412905
35.19451698750611, 63.65859342931697
36.37194726170768, 63.60616301826555
37.58876838906682, 63.55925159785113
38.84629818801104, 63.517859168073684
40.1458985644976, 63.47370724297775
41.48897698695881, 63.424036327244835
42.876988010591816, 63.36884642087492
44.3114348526431, 63.321935000460485
45.793871020394256, 63.27502358004606
47.325901993611886, 63.225352664313135
48.90918696328362, 63.17016275794322
50.545440628523515, 63.1177323468918
52.23643505359284, 63.05978294520339
53.984001587047416, 63.00183354351498
55.79003284508964, 62.943884141826565
57.65648476127385, 62.883175244819654
59.585378704783984, 62.82246634781275
61.578803669578434, 62.75071946953186
63.638918536772486, 62.68449158188796
65.76795441270859, 62.618263694244064
67.96821704524655, 62.54651681596317
70.24208932089067, 62.47476993768228
72.59203384545812, 62.3975040687644
75.02059561108337, 62.31471920920953
77.53040475244707, 62.237453340291644
80.12417939521426, 62.154668480736774
82.8047285997671, 62.06636463054491
85.57495540342009, 61.98909876162703
88.43785996441189, 61.89527592079817
91.39654281107981, 61.81249106124329
94.45420819973474, 61.71314922977744
97.61416758487373, 61.62760487490408
100.87984320548858, 61.53102253875673
104.25477179135369, 61.44547818388336
107.74260839330769, 61.34337685709902
111.34713034167706, 61.255073006907146
115.0722413371284, 61.1529716801228
118.92197567837985, 61.06190833461244
122.9005026313508, 60.96532599846509
127.01213094448015, 60.87150315763623
131.26131351510526, 60.77768031680738
135.65265221195435, 60.67281949470454
140.1909028589739, 60.58175614919418
144.8809803858911, 60.48241431772833
149.72796415108695, 60.383072486262485
154.73710344254647, 60.28924964543363
159.91382316284228, 60.184388823330785
165.26372970430972, 60.09608497313892
170.7926170207743, 59.99674314167308
176.50647290240937, 59.902920300844215
182.41148546051926, 59.806337964696866
188.5140498292685, 59.69871764727553
194.82077509161883, 59.610413797083666
201.33849143697225, 59.50555297498082
208.07425755827234, 59.42276811542595
215.03536829657557, 59.33446426523409
222.2293625413707, 59.257198396316205
229.6640313952042, 59.16889454612434
237.34742661144998, 59.09162867720646
245.28786931436767, 59.01436280828858
253.49395901088658, 58.94261593000769
261.9745829038806, 58.85983107045281
270.73892551701715, 58.79912217344591
279.79647864160484, 58.74117277175749
289.1570516162124, 58.68874236070607
298.8307819501916, 58.62803346369917
308.82814630261015, 58.59216002455872
319.1599718284816, 58.567324566692264
329.8374479045868, 58.567324566692264
340.87213824757714, 58.567324566692264
352.27599343749205, 58.567324566692264
364.061363860248, 58.567324566692264
376.2410130831181, 58.567324566692264
388.8281316776876, 58.57836254796624
401.83635150525487, 58.62803346369917
415.2797604801514, 58.65838791220262
429.17291782696446, 58.694261351343066
443.5308698481915, 58.74945125771298
458.36916621940196, 58.79912217344591
473.70387682954737, 58.846033593860334
489.5516091846685, 58.89570450959326
505.92952639383907, 58.96469189255565
522.8553657568295, 59.06679321934
540.3474579736192, 59.16337555548735
558.4247469965608, 59.26547688227169
577.1068105467017, 59.370337704374535
596.4138813164694, 59.47243903115888
616.3668688817019, 59.577299853261714
636.9873823467332, 59.69043916132004
658.2977537470766, 59.803578469378365
680.3210622350396, 59.91947727275519
703.0811590744668, 60.03813557145051
726.6026934716821, 60.16231286078282
750.9111392706013, 60.28924964543363
776.0328225409318, 60.42998390667691
801.9949500893259, 60.57071816792019
828.8256389243842, 60.72249041043746
856.5539467073966, 60.87978164359172
885.2099032218204, 61.056389343975454
914.8245428955631, 61.24403502563317
945.4299384112971, 61.45099717452035
977.0592354412055, 61.67451629531851
1009.7466885437746, 61.91183289270914
1043.5276982615178, 62.1381115088258
1078.438849459789, 62.36163062962396
1114.5179509482348, 62.58514975042212
1151.8040764277632, 62.80590937590178
1190.3376068074033, 63.029428496699936
1230.160273936866, 63.252947617498094
1271.3152058021774, 63.48198572893324
1313.8469732333278, 63.719302326323884
1357.801638174521, 63.96213791435151
1403.2268035693098, 64.20773299769763
1450.171664914619, 64.45608757636225
1498.68706353952, 64.70444215502687
1548.8255416664424, 64.96383471496547
1600.6413993144417, 65.22322727490408
1654.1907531061765, 65.48261983484268
1709.5315970422625, 65.73649340414428
1766.72386530883, 65.9958859640829
1825.8294971863038, 66.252519028703
1886.9125041297018, 66.50915209332311
1950.0390390930986, 66.76302566262473
2015.2774681733506, 67.06932964297775
2082.6984446506226, 67.4998109126631
2152.374985505969, 67.94684915425941
2224.382550498793, 68.38284941458174
2298.7991238898335, 68.81884967490407
2375.705298898196, 69.24657144927093
2455.1843649838825, 69.66877423300078
2537.322398050357, 70.08545802609365
2622.2083536648233, 70.47730636132005
2709.9341633972103, 70.85259772463547
2800.594834382116, 71.15338271435151
2894.2885522116467, 71.34654738664621
2991.1167872704996, 71.37690183514967
3091.1844046284828, 71.30791445218728
3194.5997776094896, 71.13682574244054
3301.474905159906, 70.86087621059096
3411.925533143577, 70.51042030514199
3526.0712796946787, 70.14064793246355
3644.0357647642995, 69.76535656914812
3765.9467440009203, 69.38730571051421
3891.93624710993, 69.0037358612433
4022.1407208419155, 68.6725964230238
4156.70117676462, 68.39940638649271
4295.763343978603, 68.12621634996164
4439.477826941996, 67.86406429470453
4588.000268575268, 67.6239882019954
4741.491518822661, 67.38667160460477
4900.117808852819, 67.15763349316961
5064.050931087333, 66.99206377405987
5233.468425252051, 66.8402915315426
5408.553770652792, 66.68851928902534
5589.496584883609, 66.53674704650807
5776.492829182815, 66.39325328994629
5969.745020659191, 66.252519028703
6169.4624516182075, 66.10902527214122
6375.861416225786, 65.96829101089794
6589.165444755073, 65.83583523561015
6809.605545669985, 65.68682248841137
7037.420455807523, 65.55436671312357
7272.856898930032, 65.41363245188029
7516.169852927266, 65.26737920000001
7767.6228259576765, 65.12664493875673
8027.488141827999, 64.93072077114353
8296.04723492019, 64.56370789378359
8573.590954985133, 64.18289753983117
8860.419882133165, 63.802087185878754
9156.844652362703, 63.41851733660784
9463.186293979208, 63.03770698265542
9779.776575269214, 62.65689662870301
10106.95836380568, 62.27608627475058
10445.085997773895, 61.89251642547967
10794.525669720058, 61.51170607152726
11155.655823138168, 61.130895717574845
11528.867562324665, 60.74732586830393
11914.565075944742, 60.366515514351505
12313.166074769137, 59.98570516039909
12725.102244055151, 59.60489480644667
13150.819711062291, 59.22132495717576
13590.779528208475, 58.84051460322334
14045.458172390245, 58.45970424927093
14515.348061007693, 58.076134400000015
15000.958085252963, 57.695324046047595
15502.814161239907, 57.314513692095176
16021.45979957168, 56.93370333814276
16557.456693963377, 56.55013348887184
17111.38532955666, 56.16932313491943
17683.84561158584, 55.78851278096701
18275.457515075785, 55.4049429316961
18886.861756275448, 55.02413257774368
19518.720486554168, 54.643322223791266
19931.774423689185, 54.449237719723726